3c 1c 00 00
37 9c 86 56
3c 04 00 00
34 84 06 68
3c 05 00 00
34 a5 06 6c
3c 1d 00 00
37 bd 08 68
ac 80 00 00
00 85 18 2a
14 60 ff fd
24 84 00 04
0c 00 01 79
00 00 00 00
08 00 00 0e
23 bd ff 98
af a1 00 10
af a2 00 14
af a3 00 18
af a4 00 1c
af a5 00 20
af a6 00 24
af a7 00 28
af a8 00 2c
af a9 00 30
af aa 00 34
af ab 00 38
af ac 00 3c
af ad 00 40
af ae 00 44
af af 00 48
af b8 00 4c
af b9 00 50
af bf 00 54
40 1a 70 00
23 5a ff fc
af ba 00 58
00 00 d8 10
af bb 00 5c
00 00 d8 12
af bb 00 60
23 a5 00 00
3c 06 20 00
8c c4 00 20
8c c6 00 10
0c 00 00 ab
00 86 20 24
8f a1 00 10
8f a2 00 14
8f a3 00 18
8f a4 00 1c
8f a5 00 20
8f a6 00 24
8f a7 00 28
8f a8 00 2c
8f a9 00 30
8f aa 00 34
8f ab 00 38
8f ac 00 3c
8f ad 00 40
8f ae 00 44
8f af 00 48
8f b8 00 4c
8f b9 00 50
8f bf 00 54
8f ba 00 58
8f bb 00 5c
03 60 00 11
8f bb 00 60
03 60 00 13
23 bd 00 68
34 1b 00 01
03 40 00 08
40 9b 60 00
40 02 60 00
03 e0 00 08
40 84 60 00
3c 05 00 00
24 a5 01 60
8c a6 00 00
ac 06 00 3c
8c a6 00 04
ac 06 00 40
8c a6 00 08
ac 06 00 44
8c a6 00 0c
03 e0 00 08
ac 06 00 48
3c 1a 10 00
37 5a 00 3c
03 40 00 08
00 00 00 00
ac 90 00 00
ac 91 00 04
ac 92 00 08
ac 93 00 0c
ac 94 00 10
ac 95 00 14
ac 96 00 18
ac 97 00 1c
ac 9e 00 20
ac 9c 00 24
ac 9d 00 28
ac 9f 00 2c
03 e0 00 08
34 02 00 00
8c 90 00 00
8c 91 00 04
8c 92 00 08
8c 93 00 0c
8c 94 00 10
8c 95 00 14
8c 96 00 18
8c 97 00 1c
8c 9e 00 20
8c 9c 00 24
8c 9d 00 28
8c 9f 00 2c
03 e0 00 08
34 a2 00 00
00 85 00 19
00 00 10 12
00 00 20 10
03 e0 00 08
ac c4 00 00
3c 02 20 00
34 42 00 20
8c 42 00 00
00 00 00 00
30 42 00 02
14 40 00 08
3c 02 20 00
3c 03 20 00
34 63 00 20
8c 62 00 00
00 00 00 00
30 42 00 02
10 40 ff fc
3c 02 20 00
ac 44 00 00
03 e0 00 08
00 00 00 00
27 bd ff e0
af bf 00 18
af b1 00 14
af b0 00 10
00 80 80 25
92 02 00 00
00 00 00 00
10 40 00 0f
00 40 18 25
24 11 00 0a
00 60 10 25
30 42 00 ff
14 51 00 03
00 00 00 00
0c 00 00 7d
24 04 00 0d
92 04 00 00
0c 00 00 7d
26 10 00 01
92 03 00 00
00 00 00 00
14 60 ff f5
00 60 10 25
00 00 10 25
8f bf 00 18
8f b1 00 14
8f b0 00 10
03 e0 00 08
27 bd 00 20
27 bd ff e8
af bf 00 10
0c 00 00 7d
24 04 00 49
8f bf 00 10
00 00 00 00
03 e0 00 08
27 bd 00 18
3c 02 20 00
34 42 00 20
8c 42 00 00
03 e0 00 08
30 42 00 01
27 bd ff e8
af bf 00 10
0c 00 00 b3
00 00 00 00
10 40 ff fd
3c 02 20 00
8c 42 00 00
8f bf 00 10
00 00 00 00
03 e0 00 08
27 bd 00 18
27 bd ff c8
af bf 00 30
af b1 00 2c
af b0 00 28
00 a0 50 25
00 e0 88 25
00 00 18 25
27 a5 00 10
24 07 00 20
00 a3 10 21
a0 47 00 00
24 63 00 01
28 62 00 0f
14 40 ff fc
00 a3 10 21
a3 a0 00 1f
00 04 10 27
00 02 17 c2
38 c3 00 0a
00 03 18 2b
00 43 10 25
2c 42 00 01
00 02 10 23
34 48 00 01
00 88 00 18
00 00 20 12
24 10 00 0e
27 a7 00 10
24 09 00 0f
14 c0 00 02
00 86 00 1b
00 07 00 0d
00 00 20 12
00 00 18 10
28 62 00 0a
10 40 00 03
00 f0 28 21
10 00 00 02
24 62 00 30
24 62 00 57
14 80 00 07
a0 a2 00 00
01 30 10 23
8e 23 00 00
00 00 00 00
00 43 10 2a
10 40 00 04
24 02 ff ff
26 10 ff ff
06 01 ff eb
24 02 ff ff
15 02 00 04
24 02 00 2d
26 10 ff ff
03 b0 18 21
a0 62 00 10
8e 23 00 00
00 00 00 00
10 60 00 05
24 02 00 0f
00 50 10 23
00 62 10 2a
10 40 00 09
27 a2 00 1f
27 a5 00 10
01 40 20 25
0c 00 01 14
00 b0 28 21
24 02 00 0f
00 50 10 23
10 00 00 05
ae 22 00 00
8e 25 00 00
01 40 20 25
0c 00 01 14
00 45 28 23
8f bf 00 30
8f b1 00 2c
8f b0 00 28
03 e0 00 08
27 bd 00 38
90 a2 00 00
00 00 00 00
a0 82 00 00
30 42 00 ff
24 a5 00 01
10 40 00 08
24 83 00 01
90 a2 00 00
00 00 00 00
a0 62 00 00
30 42 00 ff
24 a5 00 01
14 40 ff fa
24 63 00 01
03 e0 00 08
00 80 10 25
27 bd ff 68
af bf 00 90
00 a0 10 25
af a6 00 a0
27 a5 00 10
00 40 30 25
0c 00 00 c3
27 a7 00 a0
93 a2 00 10
00 00 00 00
10 40 00 12
27 a3 00 10
3c 06 20 00
24 05 00 0a
24 04 00 0d
90 62 00 00
00 00 00 00
a0 c2 00 00
24 63 00 01
90 62 ff ff
00 00 00 00
14 45 00 03
00 00 00 00
24 63 ff ff
a0 64 00 00
90 62 00 00
00 00 00 00
14 40 ff f3
00 00 00 00
8f bf 00 90
00 00 00 00
03 e0 00 08
27 bd 00 98
24 05 00 1c
3c 06 20 00
00 a4 10 06
30 43 00 0f
2c 62 00 0a
14 40 00 02
24 62 00 30
24 62 00 57
a0 c2 00 00
24 a5 ff fc
04 a1 ff f7
00 00 00 00
03 e0 00 08
00 00 00 00
90 82 00 00
00 00 00 00
10 40 00 0c
00 00 18 25
3c 05 20 00
00 83 10 21
90 42 00 00
00 00 00 00
a0 a2 00 00
24 63 00 01
00 83 10 21
90 42 00 00
00 00 00 00
14 40 ff f8
00 83 10 21
03 e0 00 08
00 00 00 00
24 05 03 e8
3c 07 20 00
3c 06 cc cc
34 c6 cc cd
14 a0 00 02
00 85 00 1b
00 07 00 0d
00 00 18 12
24 62 00 30
a0 e2 00 00
00 65 00 18
00 00 10 12
00 82 20 23
00 00 00 00
00 a6 00 19
00 00 10 10
00 02 28 c2
14 a0 ff f2
00 00 00 00
03 e0 00 08
00 00 00 00
27 bd ff e8
24 03 00 12
00 60 10 25
14 62 00 04
af bf 00 10
3c 04 00 00
10 00 00 03
24 84 06 50
3c 04 00 00
24 84 06 5c
0c 00 01 53
00 00 00 00
00 00 10 25
8f bf 00 10
00 00 00 00
03 e0 00 08
27 bd 00 18
00 00 00 00
00 00 00 00
00 00 00 00
00 00 00 00
00 00 00 00
00 00 00 00
4c 69 74 74
6c 65 20 65
6e 64 69 61
6e 0a 00 00
42 69 67 20
65 6e 64 69
61 6e 0a 00
43 6f 6e 66
75 73 65 64
0a 00 00 00
00 00 00 00
